255 255 255 255 255 255 255 255 255 255 255 255 255 255 255 255
255 214 153 153 153 153 153 153 153 153 153 153 153 153 214 255
255 153   0   0   0   0   0   0   0   0   0   0   0   0 153 255
255 153   0   0   0   0   0   0   0   0   0   0   0   0 153 255
255 153   0   0  11  52  52  52  52  52  52  11   0   0 153 255
255 153   0   0  52 255 255 135 203 255 255  52   0   0 153 255
255 153   0   0  52 255 208  84  77 255 255  52   0   0 153 255
255 153   0   0  52 255  97 219  83 214 255  52   0   0 153 255
255 153   0   0  52 231  34 140  91 103 255  52   0   0 153 255
255 153   0   0  52 126 167 238 238  53 236  52   0   0 153 255
255 153   0   0  52 181 251 255 255 204 225  52   0   0 153 255
255 153   0   0  11  52  52  52  52  52  52  11   0   0 153 255
255 153   0   0   0   0   0   0   0   0   0   0   0   0 153 255
255 153   0   0   0   0   0   0   0   0   0   0   0   0 153 255
255 214 153 153 153 153 153 153 153 153 153 153 153 153 214 255
255 255 255 255 255 255 255 255 255 255 255 255 255 255 255 255
255 255 255 255 255 255 255 255 255 255 255 255 255 255 255 255
255 214 153 153 153 153 153 153 153 153 153 153 153 153 214 255
255 153   0   0   0   0   0   0   0   0   0   0   0   0 153 255
255 153   0   0   0   0   0   0   0   0   0   0   0   0 153 255
255 153   0   0  11  52  52  52  52  52  52  11   0   0 153 255
255 153   0   0  52 255 255 135 203 255 255  52   0   0 153 255
255 153   0   0  52 255 208  84  77 255 255  52   0   0 153 255
255 153   0   0  52 255  97 219  83 214 255  52   0   0 153 255
255 153   0   0  52 231  34 140  91 103 255  52   0   0 153 255
255 153   0   0  52 126 167 238 238  53 236  52   0   0 153 255
255 153   0   0  52 181 251 255 255 204 225  52   0   0 153 255
255 153   0   0  11  52  52  52  52  52  52  11   0   0 153 255
255 153   0   0   0   0   0   0   0   0   0   0   0   0 153 255
255 153   0   0   0   0   0   0   0   0   0   0   0   0 153 255
255 214 153 153 153 153 153 153 153 153 153 153 153 153 214 255
255 255 255 255 255 255 255 255 255 255 255 255 255 255 255 255
255 255 255 255 255 255 255 255 255 255 255 255 255 255 255 255
255 214 153 153 153 153 153 153 153 153 153 153 153 153 214 255
255 153   0   0   0   0   0   0   0   0   0   0   0   0 153 255
255 153   0   0   0   0   0   0   0   0   0   0   0   0 153 255
255 153   0   0  11  52  52  52  52  52  52  11   0   0 153 255
255 153   0   0  52 255 255 135 203 255 255  52   0   0 153 255
255 153   0   0  52 255 208  84  77 255 255  52   0   0 153 255
255 153   0   0  52 255  97 219  83 214 255  52   0   0 153 255
255 153   0   0  52 231  34 140  91 103 255  52   0   0 153 255
255 153   0   0  52 126 167 238 238  53 236  52   0   0 153 255
255 153   0   0  52 181 251 255 255 204 225  52   0   0 153 255
255 153   0   0  11  52  52  52  52  52  52  11   0   0 153 255
255 153   0   0   0   0   0   0   0   0   0   0   0   0 153 255
255 153   0   0   0   0   0   0   0   0   0   0   0   0 153 255
255 214 153 153 153 153 153 153 153 153 153 153 153 153 214 255
255 255 255 255 255 255 255 255 255 255 255 255 255 255 255 255

255 255 255 255 255 255 255 255 255 255 255 255 255 255 255 255
255 214 153 153 153 153 153 153 153 153 153 153 153 153 214 255
255 153   0   0   0   0   0   0   0   0   0   0   0   0 153 255
255 153   0   0   0   0   0   0   0   0   0   0   0   0 153 255
255 153   0   0  11  52  52  52  52  52  52  11   0   0 153 255
255 153   0   0  52 255 255 255 255 236 225  52   0   0 153 255
255 153   0   0  52 255 255 214 103  53 204  52   0   0 153 255
255 153   0   0  52 203  77  83  91 238 255  52   0   0 153 255
255 153   0   0  52 135  84 219 140 238 255  52   0   0 153 255
255 153   0   0  52 255 208  97  34 167 251  52   0   0 153 255
255 153   0   0  52 255 255 255 231 126 181  52   0   0 153 255
255 153   0   0  11  52  52  52  52  52  52  11   0   0 153 255
255 153   0   0   0   0   0   0   0   0   0   0   0   0 153 255
255 153   0   0   0   0   0   0   0   0   0   0   0   0 153 255
255 214 153 153 153 153 153 153 153 153 153 153 153 153 214 255
255 255 255 255 255 255 255 255 255 255 255 255 255 255 255 255
255 255 255 255 255 255 255 255 255 255 255 255 255 255 255 255
255 214 153 153 153 153 153 153 153 153 153 153 153 153 214 255
255 153   0   0   0   0   0   0   0   0   0   0   0   0 153 255
255 153   0   0   0   0   0   0   0   0   0   0   0   0 153 255
255 153   0   0  11  52  52  52  52  52  52  11   0   0 153 255
255 153   0   0  52 255 255 255 255 236 225  52   0   0 153 255
255 153   0   0  52 255 255 214 103  53 204  52   0   0 153 255
255 153   0   0  52 203  77  83  91 238 255  52   0   0 153 255
255 153   0   0  52 135  84 219 140 238 255  52   0   0 153 255
255 153   0   0  52 255 208  97  34 167 251  52   0   0 153 255
255 153   0   0  52 255 255 255 231 126 181  52   0   0 153 255
255 153   0   0  11  52  52  52  52  52  52  11   0   0 153 255
255 153   0   0   0   0   0   0   0   0   0   0   0   0 153 255
255 153   0   0   0   0   0   0   0   0   0   0   0   0 153 255
255 214 153 153 153 153 153 153 153 153 153 153 153 153 214 255
255 255 255 255 255 255 255 255 255 255 255 255 255 255 255 255
255 255 255 255 255 255 255 255 255 255 255 255 255 255 255 255
255 214 153 153 153 153 153 153 153 153 153 153 153 153 214 255
255 153   0   0   0   0   0   0   0   0   0   0   0   0 153 255
255 153   0   0   0   0   0   0   0   0   0   0   0   0 153 255
255 153   0   0  11  52  52  52  52  52  52  11   0   0 153 255
255 153   0   0  52 255 255 255 255 236 225  52   0   0 153 255
255 153   0   0  52 255 255 214 103  53 204  52   0   0 153 255
255 153   0   0  52 203  77  83  91 238 255  52   0   0 153 255
255 153   0   0  52 135  84 219 140 238 255  52   0   0 153 255
255 153   0   0  52 255 208  97  34 167 251  52   0   0 153 255
255 153   0   0  52 255 255 255 231 126 181  52   0   0 153 255
255 153   0   0  11  52  52  52  52  52  52  11   0   0 153 255
255 153   0   0   0   0   0   0   0   0   0   0   0   0 153 255
255 153   0   0   0   0   0   0   0   0   0   0   0   0 153 255
255 214 153 153 153 153 153 153 153 153 153 153 153 153 214 255
255 255 255 255 255 255 255 255 255 255 255 255 255 255 255 255

255 255 255 255 255 255 255 255 255 255 255 255 255 255 255 255
255 214 153 153 153 153 153 153 153 153 153 153 153 153 214 255
255 153   0   0   0   0   0   0   0   0   0   0   0   0 153 255
255 153   0   0   0   0   0   0   0   0   0   0   0   0 153 255
255 153   0   0  11  52  52  52  52  52  52  11   0   0 153 255
255 153   0   0  52 225 204 255 255 251 181  52   0   0 153 255
255 153   0   0  52 236  53 238 238 167 126  52   0   0 153 255
255 153   0   0  52 255 103  91 140  34 231  52   0   0 153 255
255 153   0   0  52 255 214  83 219  97 255  52   0   0 153 255
255 153   0   0  52 255 255  77  84 208 255  52   0   0 153 255
255 153   0   0  52 255 255 203 135 255 255  52   0   0 153 255
255 153   0   0  11  52  52  52  52  52  52  11   0   0 153 255
255 153   0   0   0   0   0   0   0   0   0   0   0   0 153 255
255 153   0   0   0   0   0   0   0   0   0   0   0   0 153 255
255 214 153 153 153 153 153 153 153 153 153 153 153 153 214 255
255 255 255 255 255 255 255 255 255 255 255 255 255 255 255 255
255 255 255 255 255 255 255 255 255 255 255 255 255 255 255 255
255 214 153 153 153 153 153 153 153 153 153 153 153 153 214 255
255 153   0   0   0   0   0   0   0   0   0   0   0   0 153 255
255 153   0   0   0   0   0   0   0   0   0   0   0   0 153 255
255 153   0   0  11  52  52  52  52  52  52  11   0   0 153 255
255 153   0   0  52 225 204 255 255 251 181  52   0   0 153 255
255 153   0   0  52 236  53 238 238 167 126  52   0   0 153 255
255 153   0   0  52 255 103  91 140  34 231  52   0   0 153 255
255 153   0   0  52 255 214  83 219  97 255  52   0   0 153 255
255 153   0   0  52 255 255  77  84 208 255  52   0   0 153 255
255 153   0   0  52 255 255 203 135 255 255  52   0   0 153 255
255 153   0   0  11  52  52  52  52  52  52  11   0   0 153 255
255 153   0   0   0   0   0   0   0   0   0   0   0   0 153 255
255 153   0   0   0   0   0   0   0   0   0   0   0   0 153 255
255 214 153 153 153 153 153 153 153 153 153 153 153 153 214 255
255 255 255 255 255 255 255 255 255 255 255 255 255 255 255 255
255 255 255 255 255 255 255 255 255 255 255 255 255 255 255 255
255 214 153 153 153 153 153 153 153 153 153 153 153 153 214 255
255 153   0   0   0   0   0   0   0   0   0   0   0   0 153 255
255 153   0   0   0   0   0   0   0   0   0   0   0   0 153 255
255 153   0   0  11  52  52  52  52  52  52  11   0   0 153 255
255 153   0   0  52 225 204 255 255 251 181  52   0   0 153 255
255 153   0   0  52 236  53 238 238 167 126  52   0   0 153 255
255 153   0   0  52 255 103  91 140  34 231  52   0   0 153 255
255 153   0   0  52 255 214  83 219  97 255  52   0   0 153 255
255 153   0   0  52 255 255  77  84 208 255  52   0   0 153 255
255 153   0   0  52 255 255 203 135 255 255  52   0   0 153 255
255 153   0   0  11  52  52  52  52  52  52  11   0   0 153 255
255 153   0   0   0   0   0   0   0   0   0   0   0   0 153 255
255 153   0   0   0   0   0   0   0   0   0   0   0   0 153 255
255 214 153 153 153 153 153 153 153 153 153 153 153 153 214 255
255 255 255 255 255 255 255 255 255 255 255 255 255 255 255 255

255 255 255 255 255 255 255 255 255 255 255 255 255 255 255 255
255 214 153 153 153 153 153 153 153 153 153 153 153 153 214 255
255 153   0   0   0   0   0   0   0   0   0   0   0   0 153 255
255 153   0   0   0   0   0   0   0   0   0   0   0   0 153 255
255 153   0   0  11  52  52  52  52  52  52  11   0   0 153 255
255 153   0   0  52 181 126 231 255 255 255  52   0   0 153 255
255 153   0   0  52 251 167  34  97 208 255  52   0   0 153 255
255 153   0   0  52 255 238 140 219  84 135  52   0   0 153 255
255 153   0   0  52 255 238  91  83  77 203  52   0   0 153 255
255 153   0   0  52 204  53 103 214 255 255  52   0   0 153 255
255 153   0   0  52 225 236 255 255 255 255  52   0   0 153 255
255 153   0   0  11  52  52  52  52  52  52  11   0   0 153 255
255 153   0   0   0   0   0   0   0   0   0   0   0   0 153 255
255 153   0   0   0   0   0   0   0   0   0   0   0   0 153 255
255 214 153 153 153 153 153 153 153 153 153 153 153 153 214 255
255 255 255 255 255 255 255 255 255 255 255 255 255 255 255 255
255 255 255 255 255 255 255 255 255 255 255 255 255 255 255 255
255 214 153 153 153 153 153 153 153 153 153 153 153 153 214 255
255 153   0   0   0   0   0   0   0   0   0   0   0   0 153 255
255 153   0   0   0   0   0   0   0   0   0   0   0   0 153 255
255 153   0   0  11  52  52  52  52  52  52  11   0   0 153 255
255 153   0   0  52 181 126 231 255 255 255  52   0   0 153 255
255 153   0   0  52 251 167  34  97 208 255  52   0   0 153 255
255 153   0   0  52 255 238 140 219  84 135  52   0   0 153 255
255 153   0   0  52 255 238  91  83  77 203  52   0   0 153 255
255 153   0   0  52 204  53 103 214 255 255  52   0   0 153 255
255 153   0   0  52 225 236 255 255 255 255  52   0   0 153 255
255 153   0   0  11  52  52  52  52  52  52  11   0   0 153 255
255 153   0   0   0   0   0   0   0   0   0   0   0   0 153 255
255 153   0   0   0   0   0   0   0   0   0   0   0   0 153 255
255 214 153 153 153 153 153 153 153 153 153 153 153 153 214 255
255 255 255 255 255 255 255 255 255 255 255 255 255 255 255 255
255 255 255 255 255 255 255 255 255 255 255 255 255 255 255 255
255 214 153 153 153 153 153 153 153 153 153 153 153 153 214 255
255 153   0   0   0   0   0   0   0   0   0   0   0   0 153 255
255 153   0   0   0   0   0   0   0   0   0   0   0   0 153 255
255 153   0   0  11  52  52  52  52  52  52  11   0   0 153 255
255 153   0   0  52 181 126 231 255 255 255  52   0   0 153 255
255 153   0   0  52 251 167  34  97 208 255  52   0   0 153 255
255 153   0   0  52 255 238 140 219  84 135  52   0   0 153 255
255 153   0   0  52 255 238  91  83  77 203  52   0   0 153 255
255 153   0   0  52 204  53 103 214 255 255  52   0   0 153 255
255 153   0   0  52 225 236 255 255 255 255  52   0   0 153 255
255 153   0   0  11  52  52  52  52  52  52  11   0   0 153 255
255 153   0   0   0   0   0   0   0   0   0   0   0   0 153 255
255 153   0   0   0   0   0   0   0   0   0   0   0   0 153 255
255 214 153 153 153 153 153 153 153 153 153 153 153 153 214 255
255 255 255 255 255 255 255 255 255 255 255 255 255 255 255 255
